META|5|10|15
USERS|4
U|4|khai|pass1|BOTH|0
U|1|seller1|pass1|BOTH|0
U|2|buyer1|pass1|BOTH|0
U|3|buyer2|pass1|BOTH|0
ROOMS|9
R|9|kahi|4|2|0
P|9|0
Q|9|0
R|7|seller_phone|1|0|0
P|7|0
Q|7|1|11
R|3|auction1|4|2|0
P|3|0
Q|3|0
R|2|room2|1|0|0
P|2|0
Q|2|3|2|3|4
R|1|TestRoom|1|0|0
P|1|0
Q|1|0
R|4|auction2|4|2|0
P|4|0
Q|4|0
R|5|auction2|4|0|0
P|5|0
Q|5|0
R|6|aaa|4|2|0
P|6|0
Q|6|0
R|8|seller2|1|2|0
P|8|0
Q|8|0
ITEMS|14
I|14|9|4|item_1|100000|1000000|50|3|100000|0|4572445|4622445|1|0|0|EXPIRED|4622537
I|13|8|1|ip2|100000|200000|60|3|100000|0|682541|742541|1|0|0|EXPIRED|742607
I|12|8|1|ip1|100000|1000000|60|2|120000|4|620035|702789|1|4|1000000|BUY_NOW|682539
I|8|6|4|watch2|100000|1000000|60|2|110000|2|14828367|14909122|1|2|110000|NORMAL_END|14909259
I|6|3|4|iphone_6|100000|1000000|2000|2|100000|0|25013753|27013753|0|2|1000000|BUY_NOW|25031642
I|1|1|1|ItemA|10000|0|30|3|10000|0|500156|530156|1|0|0|EXPIRED|530313
I|2|2|1|ip1|10000|100000|2000|0|10000|0|215163|2215163|0|0|0||0
I|3|2|1|ip1|20000|1000000|20000|0|20000|0|0|0|0|0|0||0
I|4|2|2|s|100000|10000000|30000|0|100000|0|0|0|0|0|0||0
I|5|3|4|iphone7|100000|1000000|2000|2|110000|2|24709126|26709126|0|2|1000000|BUY_NOW|25013753
I|7|4|4|watch|100000|1000000|200|3|100000|0|12764045|12964045|1|0|0|EXPIRED|12964217
I|9|7|1|rolex|10000|200000|60|2|100000|2|1098132|1172524|1|4|200000|BUY_NOW|1148658
I|10|7|1|ip17|10000|20000000|50|2|210000|2|1148658|1203658|1|2|20000000|BUY_NOW|1201210
I|11|7|1|ip7|120000|13000000|50|0|120000|0|1275783|1325783|0|0|0||0
HISTORY|10
H|1|1|1|0|0|EXPIRED|530313
H|5|3|4|2|1000000|BUY_NOW|25013753
H|6|3|4|2|1000000|BUY_NOW|25031642
H|7|4|4|0|0|EXPIRED|12964217
H|8|6|4|2|110000|NORMAL_END|14909259
H|9|7|1|4|200000|BUY_NOW|1148658
H|10|7|1|2|20000000|BUY_NOW|1201210
H|12|8|1|4|1000000|BUY_NOW|682539
H|13|8|1|0|0|EXPIRED|742607
H|14|9|4|0|0|EXPIRED|4622537
DRAFTS|0
END
